18
99
86 441
425 521
1 911
409 353
148 414
329 343
301 749
572 134
47 127
927 829
215 727
997 560
474 453
452 423
134 762
485 227
383 55
87 969
593 772
801 683
608 401
557 983
876 331
648 587
412 577
350 249
5 384
278 179
212 683
898 975
53 25
924 523
754 17
849 84
185 131
837 601
242 194
226 490
129 28
882 345
624 587
45 608
429 934
265 928
8 564
936 840
39 786
728 378
778 599
650 708
330 8
424 141
884 511
617 720
23 878
259 899
465 233
124 244
122 41
127 777
264 642
353 135
53 772
59 367
903 526
52 818
216 538
563 386
955 953
597 767
606 536
514 770
807 966
489 81
24 254
746 189
641 951
670 361
539 815
840 712
44 82
640 536
928 83
434 550
283 371
133 101
168 306
394 187
444 721
736 92
426 207
298 44
614 560
856 48
639 854
769 63
271 168
286 298
238 234
64
582 81
796 881
720 982
774 988
868 313
766 987
46 947
290 936
957 552
642 163
298 418
727 590
597 599
230 861
527 617
222 12
980 302
349 346
748 398
96 570
54 817
489 226
827 82
823 641
199 909
797 775
933 9
891 433
819 612
261 777
154 490
293 656
851 760
610 438
680 602
865 264
862 564
728 208
571 563
349 108
693 456
114 333
477 722
160 763
357 154
753 123
959 703
756 417
601 706
331 480
408 300
617 188
206 688
389 970
656 663
721 328
391 559
67 286
527 475
877 156
48 256
263 926
267 594
452 818
27
720 340
382 373
852 138
467 634
803 995
80 461
363 233
169 297
432 877
576 223
18 604
132 880
334 857
318 469
755 488
533 771
343 746
547 762
837 738
533 440
917 674
227 19
173 522
177 282
310 733
96 34
998 341
52
944 248
152 363
554 149
390 118
652 903
154 643
763 127
186 120
458 673
810 709
214 199
125 407
543 275
417 593
95 379
319 192
57 703
853 336
360 634
778 932
878 817
121 198
972 750
933 307
711 894
521 872
369 664
863 652
220 290
681 763
688 779
919 347
204 91
437 780
611 398
36 840
782 480
788 548
968 793
648 402
877 39
394 462
633 549
842 804
342 579
919 991
730 396
852 412
995 334
322 528
54 665
576 617
1
447 880
35
594 727
493 254
510 324
314 367
284 281
144 574
201 416
256 832
819 822
367 570
41 131
857 737
229 422
904 631
979 369
69 131
835 940
172 723
523 683
4 703
955 821
153 51
917 871
698 873
514 844
413 882
515 112
701 429
123 899
982 892
204 336
957 179
491 434
511 334
660 826
28
414 929
464 206
297 225
504 605
128 33
676 878
470 855
798 175
217 314
313 573
690 350
213 687
973 924
219 491
508 566
341 212
754 885
325 995
127 819
18 807
859 579
696 438
42 353
470 960
63 420
762 541
937 508
695 425
75
115 855
294 27
992 878
394 720
113 879
903 569
275 730
225 950
392 618
429 206
484 354
339 846
610 489
682 927
472 268
234 67
39 323
260 550
934 959
360 899
637 25
448 919
368 364
499 605
405 67
159 225
456 712
159 83
942 102
295 848
659 813
719 893
595 83
424 146
265 209
554 523
867 385
67 597
34 4
185 483
403 468
288 811
351 758
904 866
219 967
894 186
139 950
791 54
368 378
64 614
609 348
717 21
23 654
330 706
739 85
506 81
500 536
128 743
500 918
673 970
109 868
522 566
267 641
375 484
798 842
920 726
687 85
74 567
150 350
952 982
304 775
792 695
529 863
178 171
553 344
37
878 867
489 864
602 626
632 617
517 391
764 394
647 266
962 928
534 634
861 479
5 165
574 512
85 64
533 829
499 589
216 272
176 154
363 3
266 978
300 156
690 249
379 11
514 542
536 255
922 493
73 183
536 508
106 298
912 514
138 335
358 840
958 933
137 417
216 568
493 25
791 344
168 906
78
293 287
587 644
576 73
807 421
356 760
443 875
524 81
842 315
539 284
773 958
161 798
849 490
253 336
807 411
482 333
132 56
422 855
133 972
638 875
668 796
81 981
200 477
945 512
502 684
788 344
390 196
417 558
831 90
107 742
824 72
584 39
380 660
933 733
172 392
957 825
146 961
271 202
759 812
785 13
786 515
881 965
143 532
338 351
688 741
348 350
581 329
362 428
719 451
582 470
237 90
507 399
762 659
298 835
61 404
318 254
70 902
839 273
716 800
172 737
48 242
382 911
224 229
7 526
522 703
359 21
814 765
18 291
932 975
282 92
225 233
778 791
825 595
791 509
759 566
638 817
386 618
359 929
770 900
4
229 651
974 135
894 505
151 149
93
650 224
604 229
84 858
93 338
825 531
169 533
255 359
236 958
869 622
304 213
516 353
959 941
712 156
702 849
238 773
932 1
205 988
289 390
201 569
631 234
805 724
265 881
476 714
243 213
576 692
862 503
534 219
491 397
646 787
55 493
415 505
431 985
839 176
14 508
528 680
936 57
788 600
752 453
660 375
962 532
451 800
541 938
48 283
772 617
455 918
623 81
77 99
288 836
834 754
144 371
711 793
112 317
67 319
587 80
828 83
907 467
68 380
56 941
11 723
346 480
378 842
242 642
216 396
141 189
363 40
542 825
658 240
455 213
628 886
418 222
967 253
675 401
884 315
684 463
896 329
346 508
88 996
625 165
142 688
777 721
207 901
550 958
727 342
771 556
333 139
879 250
534 789
373 960
573 504
190 473
99 763
160 150
396 613
9
257 574
356 234
193 338
612 782
676 883
530 285
352 242
708 978
48 848
10
725 351
807 596
875 176
381 858
723 936
405 803
576 151
593 710
875 571
520 112
52
186 478
278 337
75 149
834 242
948 821
62 614
661 45
313 281
208 78
205 668
660 671
649 979
257 92
49 471
499 241
755 485
423 364
863 976
851 405
725 479
606 290
411 479
130 975
274 430
178 998
641 735
476 70
935 8
115 513
768 261
924 314
930 37
219 980
68 192
301 145
114 201
61 731
358 975
70 221
387 678
57 242
779 491
294 414
881 577
139 37
577 155
126 584
151 357
592 344
537 432
132 249
162 369
46
205 898
190 534
381 12
211 990
709 850
851 256
473 703
445 912
605 139
687 465
550 698
239 687
979 390
161 365
251 806
947 952
940 878
369 920
373 109
994 589
464 820
735 301
366 767
853 246
67 890
691 257
179 300
655 313
356 352
333 851
101 457
415 323
510 421
116 809
895 477
544 869
926 40
333 217
216 783
255 810
892 955
798 80
44 224
891 704
893 879
691 255
18
80 591
367 337
967 712
959 736
854 353
185 352
31 316
318 966
691 992
116 651
911 294
461 387
201 609
233 672
777 665
953 984
774 930
220 652
84
395 699
659 796
418 885
327 639
641 700
266 550
675 572
550 85
332 994
832 423
376 390
157 364
96 441
87 265
487 688
678 701
3 474
286 627
54 722
113 110
251 361
4 931
790 532
14 408
407 226
22 248
114 465
810 417
531 269
875 392
425 612
428 222
900 57
962 633
894 845
341 499
951 290
175 521
629 181
114 859
241 725
826 63
338 334
893 197
226 600
210 946
407 813
121 525
182 85
934 577
319 630
266 711
393 256
511 390
19 758
345 203
321 225
756 521
150 905
489 211
375 439
258 712
987 972
316 316
947 1000
618 806
1 642
230 733
354 700
192 588
195 5
286 545
702 265
196 856
735 731
433 255
109 594
570 975
718 494
156 779
757 57
57 409
717 791
748 519
