20

149 171 21 0
58 91 13 0
8 96 24 0
2 83 66 1
23 143 97 0
85 105 47 1
23 74 3 0
29 78 20 0
15 128 49 0
22 26 64 0
103 109 86 0
12 106 29 0
4 51 80 1
62 101 88 0
3 142 18 1
3 33 67 0
48 148 89 1
30 138 4 0
87 124 60 1
74 120 29 1
46 103 68 1
23 131 53 1
17 37 31 1
54 127 93 1
40 106 58 1
10 143 25 0
52 69 3 0
35 120 69 1
34 130 85 1
2 64 5 0
122 132 94 0
34 131 66 0
2 34 57 1
117 129 46 1
4 76 70 0
75 85 42 0
69 73 65 1
18 46 58 0
25 61 58 0
23 139 98 1
23 116 18 0
73 149 43 1
7 144 46 1
53 137 42 1
1 81 22 1
116 118 75 1
122 126 2 1
131 144 12 1
11 59 98 0
3 91 23 1
94 135 52 1
41 66 27 0
92 115 63 0
50 141 38 1
7 126 0 0
78 125 50 1
80 82 39 1
73 122 91 0
122 136 81 1
67 107 83 1
48 107 81 0
78 142 18 1
17 148 18 1
108 112 68 1
111 147 21 1
7 26 27 1
81 121 43 1
78 127 74 1
78 142 75 0
28 72 35 0
20 142 17 0
77 101 93 0
59 69 45 0
13 146 94 0
23 63 32 0
100 120 26 0
27 53 34 0
48 93 91 0
28 29 60 0
64 114 22 1
130 148 70 1
34 58 60 0
63 147 15 0
13 134 1 1
74 102 8 1
13 60 89 0
61 113 74 0
4 61 19 1
117 137 45 1
102 121 52 1
62 102 39 0
110 118 7 1
17 31 69 1
52 109 36 1
61 85 91 0
78 105 34 0
6 57 73 0
61 120 12 1
63 105 37 1
83 146 96 1
12 38 4 1
15 23 15 0
4 125 11 1
106 145 46 0
22 32 88 0
15 86 30 0
60 68 74 1
60 95 29 1
28 128 17 1
7 89 92 0
58 103 6 0
44 113 50 1
64 125 9 0
111 145 18 0
2 12 95 0
50 115 57 0
21 64 52 1
70 85 61 0
29 42 73 0
30 92 72 0
6 55 87 1
93 147 58 0
39 118 16 1
20 59 87 1
115 137 19 1
127 136 91 1
40 57 96 1
10 46 75 0
50 87 83 0
67 144 45 1
33 101 21 0
50 71 36 0
9 49 5 1
85 101 56 0
31 80 99 0
46 129 82 1
30 71 47 0
109 120 9 0
80 91 73 1
30 66 57 1
57 82 19 1
103 118 0 1
14 125 80 1
3 93 46 1
34 50 96 1
4 42 1 0
57 146 53 1
108 114 100 0
66 120 44 1
10 112 46 0
54 99 80 1
90 138 44 0
48 102 66 1
23 63 64 1
69 145 27 1
28 75 96 1
32 141 83 0
109 115 41 0
42 122 57 1
12 145 71 1
11 50 14 0
14 51 37 1
60 145 99 1
117 142 99 1
44 107 30 0
50 126 69 1
80 145 65 1
26 123 5 0
74 127 76 0
95 146 23 0
16 125 17 1
109 129 79 1

200 185 19 1
135 188 15 0
151 169 50 1
40 108 58 0
1 60 33 1
17 40 31 1
105 164 80 0
41 199 31 0
40 48 81 1
12 172 22 1
75 142 35 1
134 142 47 0
69 83 20 1
70 177 12 1
17 176 28 1
13 198 1 0
22 184 86 1
21 57 81 0
55 130 61 1
60 163 70 1
16 93 54 0
97 151 69 0
67 126 44 1
29 85 23 0
180 189 2 0
28 128 5 1
36 180 9 0
85 103 83 0
1 123 26 0
30 142 67 1
79 114 82 0
88 194 78 0
164 181 26 1
47 142 42 0
81 121 11 0
33 118 21 1
112 146 3 0
108 150 2 1
144 200 69 0
162 175 9 0
32 39 15 0
1 13 96 1
140 174 94 1
126 127 77 0
7 27 56 1
46 120 4 0
25 146 78 0
151 200 4 1
50 138 65 0
31 176 72 0
72 100 56 0
30 64 86 0
104 122 2 1
71 129 49 0
145 168 60 1
125 162 72 0
53 163 56 1
164 200 42 0
110 172 47 1
13 35 100 0
77 84 20 1
145 198 20 1
95 128 6 1
113 119 56 0
11 167 38 1
152 188 88 0
76 94 71 0
97 120 24 1
137 147 100 0
32 41 34 0
29 37 93 1
107 181 81 0
9 98 70 1
46 196 80 0
85 99 84 1
7 20 34 1
145 192 73 0
104 111 25 1
4 166 48 0
133 165 22 1
76 154 101 1
100 184 4 1
22 186 18 0
3 187 79 1
111 178 76 0
39 64 34 1
77 114 64 1
178 185 40 0
74 78 17 0
125 130 42 1
100 134 26 1
15 176 30 0
85 107 36 1
18 162 91 0
159 177 19 1
24 122 73 0
4 81 25 0
31 60 86 0
41 69 4 1
54 153 40 0
140 182 29 0
53 79 62 0
142 182 60 0
57 92 27 1
68 96 46 0
59 188 65 1
78 190 42 1
149 185 31 0
25 117 34 1
17 67 90 0
11 64 32 1
164 190 45 0
91 150 42 1
103 183 36 0
39 164 50 0
125 132 76 1
72 193 53 0
23 173 89 0
119 121 91 1
31 184 74 1
104 135 61 1
113 187 71 1
26 154 79 0
122 134 17 1
82 163 45 0
38 94 13 1
40 71 8 1
130 143 64 0
144 169 41 1
157 175 56 0
71 183 27 1
91 151 67 0
17 39 34 1
174 177 47 1
93 127 57 0
61 121 14 1
150 196 18 0
54 161 84 0
6 66 90 1
114 174 81 1
125 162 47 1
52 106 23 0
164 183 79 1
108 189 12 0
37 137 33 0
77 180 101 0
61 117 101 0
75 86 76 1
111 183 63 1
33 40 5 0
37 185 20 1
1 52 60 1
62 78 59 1
125 170 5 1
49 83 67 0
135 191 71 1
162 165 56 1
64 115 38 1
3 29 98 0
39 83 5 0
44 193 5 0
62 159 80 0
75 169 52 0
120 159 93 1
70 171 24 1
16 180 24 1
142 179 52 0
9 172 15 1
76 184 44 1
156 165 5 0
7 55 9 0
58 86 52 1
130 140 25 0
37 183 36 1
9 107 87 1
2 93 15 0
104 172 6 0
50 195 87 1
48 123 48 0
39 123 84 0
13 176 87 0
92 152 2 1
14 151 26 0
40 144 93 1
15 45 7 1
14 77 87 1

174 161 18 7
15 136 58 0
28 122 70 1
8 103 81 0
27 88 49 0
1 101 29 0
24 39 23 1
26 101 105 1
117 121 69 0
124 157 21 1
137 161 22 0
47 75 68 1
44 112 58 0
25 45 71 1
125 147 72 0
65 121 50 0
11 98 79 0
37 129 91 1
40 97 26 0
66 103 77 0
119 127 33 0
31 104 87 0
28 149 54 1
68 129 59 1
57 138 79 1
100 159 61 1
25 170 52 0
21 103 8 0
58 162 20 0
11 162 81 1
29 60 77 0
72 138 87 0
33 85 23 1
75 84 29 0
138 139 63 0
148 173 64 0
15 58 13 0
4 173 95 1
90 126 25 1
49 87 75 0
19 129 76 1
75 146 30 1
65 76 71 0
16 61 72 0
99 157 66 1
97 158 102 0
93 132 80 0
58 60 44 1
15 95 8 1
102 162 83 0
18 62 104 1
11 101 86 0
39 52 41 0
20 116 94 0
34 143 64 0
75 96 42 1
97 157 100 0
24 168 19 1
50 67 48 0
12 134 18 1
140 152 40 0
74 81 86 1
35 41 16 0
135 173 51 1
108 122 58 1
80 168 39 0
135 149 98 1
31 102 72 1
31 127 46 1
19 168 76 0
55 161 59 0
57 166 85 1
74 124 75 1
165 172 13 0
38 94 11 0
79 149 45 1
28 113 54 1
93 142 73 1
31 129 11 1
114 154 7 1
54 107 80 1
117 146 70 1
40 127 70 0
68 131 38 0
30 141 48 1
79 152 102 1
152 159 36 1
43 159 70 0
30 33 95 0
12 77 60 1
39 159 25 1
76 118 32 0
81 152 91 1
113 126 45 0
81 82 95 1
160 171 24 0
53 92 17 1
155 170 35 1
139 170 86 1
69 103 29 1
77 78 73 0
48 152 88 1
119 143 37 1
54 82 11 1
27 101 50 1
114 133 100 0
108 167 66 0
87 114 66 1
38 50 42 1
107 142 8 0
93 130 88 1
115 138 35 1
96 145 86 0
67 108 58 1
18 52 104 0
73 93 10 0
58 76 79 0
107 127 70 0
10 53 93 1
24 168 75 0
17 149 37 0
31 140 35 0
25 79 65 0
20 125 92 1
127 139 12 0
17 112 33 0
12 73 105 1
133 166 50 0
53 78 96 1
3 76 16 1
121 169 52 0
23 134 79 0
26 96 92 1
18 42 13 1
19 64 66 0
75 156 75 0
134 171 28 0
29 113 12 1
105 116 21 0
135 165 81 0
74 152 41 0
146 148 48 0
37 53 60 0
159 160 53 1
81 137 70 0
124 149 37 0
39 44 74 1
70 128 101 1
78 106 74 1
45 57 99 0
21 154 103 1
90 141 36 1
7 152 47 1
1 9 41 0
101 163 81 0
78 145 63 0
90 143 21 1
30 75 92 0
52 147 96 0
7 64 51 0
50 125 30 1
34 61 64 0

146 173 22 11
34 126 32 1
69 129 105 1
32 90 57 0
42 111 39 1
78 125 72 1
14 143 48 0
24 96 27 1
65 71 38 1
14 36 93 1
89 108 98 1
60 100 93 0
40 47 26 0
11 129 96 0
6 12 41 1
35 136 78 0
24 111 102 1
100 109 41 0
83 136 74 0
28 38 18 0
20 79 19 0
119 140 111 0
23 109 12 0
20 78 31 1
41 85 96 1
55 132 83 1
101 121 41 0
36 109 61 0
7 81 38 1
92 116 27 1
60 79 75 1
31 54 57 0
68 138 32 1
60 116 111 0
34 72 72 0
80 140 67 0
95 130 108 1
102 142 97 0
12 24 83 0
18 45 86 0
15 88 88 0
26 124 79 0
46 97 105 1
69 101 78 0
8 80 71 1
21 59 35 0
21 126 102 1
25 133 94 1
32 74 104 0
68 126 31 0
9 75 20 0
19 140 82 0
58 61 34 0
38 144 109 0
77 83 88 1
59 110 18 0
13 60 73 0
43 103 46 1
28 113 51 0
39 118 13 1
52 72 22 0
56 96 84 1
34 80 93 0
4 79 15 0
60 96 105 0
2 142 88 1
61 89 61 0
20 65 34 0
103 118 65 1
5 74 110 1
1 86 50 1
72 129 60 1
121 138 47 1
10 113 106 0
51 88 103 0
71 75 18 0
53 113 17 1
74 84 83 1
104 144 49 1
28 115 71 1
37 62 32 0
126 128 84 0
7 37 53 0
92 138 73 1
55 123 70 0
74 93 11 1
72 89 104 1
48 65 104 0
92 116 100 0
120 141 46 1
11 109 55 1
27 58 79 0
61 129 84 1
11 27 71 1
35 128 13 1
8 64 17 0
35 65 61 1
1 17 41 1
36 142 53 0
47 61 77 0
72 77 43 1
57 86 54 0
23 78 41 0
54 112 54 0
102 115 64 1
27 98 74 0
13 76 57 1
123 129 39 0
19 113 18 1
35 132 38 1
20 67 35 0
48 120 41 1
19 83 100 1
7 92 72 0
44 112 74 1
9 56 104 0
13 119 109 1
33 129 61 1
51 112 105 1
13 92 100 1
17 99 105 0
107 132 32 0
65 95 32 1
101 142 41 1
77 117 20 0
22 118 14 1
49 108 84 0
64 100 73 0
117 138 62 0
120 126 49 0
1 132 17 1
2 29 48 1
91 116 101 1
71 143 71 0
49 83 108 1
37 113 43 1
15 83 47 0
76 99 64 0
70 83 45 1
23 58 17 1
81 91 109 1
93 140 78 0
49 79 31 1
66 98 65 0
76 127 99 1
103 136 89 1
21 61 92 1
22 120 57 1
11 13 107 0
27 144 52 1
41 134 61 1
99 138 102 0
136 144 31 1
27 99 36 1
53 66 59 0
11 143 102 1
81 96 76 1
17 23 38 1
21 50 48 1
3 140 57 1
14 143 71 0
33 109 68 1
69 86 87 1
12 145 25 1
13 120 69 0
58 85 111 1
74 90 40 0
39 138 56 1
7 49 70 0
91 129 32 0
28 128 44 0
30 97 13 1
15 83 86 0
7 88 85 1

126 152 18 4
19 56 62 1
13 36 9 0
99 103 5 1
5 70 78 0
9 109 97 1
69 91 67 0
25 107 50 1
29 77 59 1
22 89 71 1
16 107 39 0
35 94 56 0
49 61 34 1
79 93 71 1
5 117 16 0
4 8 44 1
37 118 77 0
24 126 71 1
45 102 100 1
64 72 86 0
16 24 34 0
67 107 42 1
68 74 60 0
7 109 59 0
23 38 26 1
108 111 44 0
82 116 49 0
13 69 37 0
6 101 39 1
56 123 39 0
10 77 67 1
23 95 44 1
10 41 62 0
60 116 66 1
99 100 55 1
7 41 59 1
35 84 33 1
115 122 62 0
74 122 29 0
6 30 78 0
1 24 41 1
10 48 5 0
77 125 52 1
53 104 21 1
14 49 45 1
45 63 43 0
59 117 29 0
3 23 22 0
49 59 92 1
20 76 29 0
12 42 63 0
15 126 102 1
45 103 63 1
28 37 15 1
78 119 7 0
15 98 24 0
51 73 25 1
27 117 74 0
55 120 42 1
22 74 71 0
4 103 82 0
65 117 7 0
3 8 48 0
24 80 50 1
10 37 7 1
66 114 80 1
30 88 46 1
40 70 44 1
70 115 92 1
40 102 34 1
55 79 59 0
92 98 44 0
80 83 5 0
38 61 102 1
11 54 63 0
91 125 14 0
25 70 101 0
23 103 27 0
105 112 66 1
12 62 97 1
72 107 104 0
64 101 76 1
89 118 37 0
72 97 49 1
23 37 55 1
81 97 61 0
36 105 82 0
39 67 8 1
12 21 90 1
91 111 29 0
40 94 5 1
21 121 64 1
18 61 98 0
13 84 58 0
29 77 24 1
32 118 28 0
48 116 79 1
93 97 88 1
48 58 47 1
63 114 29 0
44 115 30 1
41 63 53 1
74 79 87 0
7 120 23 1
79 96 29 1
4 68 78 0
8 59 31 0
76 114 99 1
14 73 57 0
11 44 89 0
13 80 74 1
2 74 74 0
28 51 95 0
13 83 11 1
69 113 64 1
10 69 68 1
76 123 70 1
67 108 20 0
35 40 63 1
56 81 34 0
21 43 8 1
6 103 82 0
100 126 20 1
6 108 53 1
119 124 40 1
81 120 28 1
5 90 26 1
33 51 48 1
37 105 29 1
7 53 11 0
21 64 75 1
58 68 14 0
27 76 4 1
33 99 59 1
4 53 91 0
30 109 58 1
88 117 65 1
68 94 85 1
70 98 66 1
22 45 97 1
68 94 90 1
5 105 96 0
102 120 95 0
16 51 22 1
25 85 51 1
37 111 81 1
69 106 68 1
51 120 92 0
23 31 53 0
5 118 68 0
37 70 15 0
52 77 24 1
16 126 12 0

167 180 21 3
78 81 30 0
141 157 95 1
12 55 99 0
34 147 21 0
89 162 78 1
26 60 42 1
96 105 50 1
5 92 36 1
7 12 64 0
12 158 25 1
7 126 77 1
6 10 76 0
93 103 47 1
41 135 9 1
35 123 28 0
87 147 51 0
10 45 70 0
36 73 98 1
67 87 51 0
23 135 23 0
5 23 56 0
36 39 60 0
83 157 91 0
119 154 27 0
43 106 87 1
21 52 35 1
30 112 81 1
89 144 36 0
86 157 37 0
21 106 31 0
107 133 71 0
89 97 31 1
8 79 85 0
38 97 66 1
108 113 37 0
77 110 66 1
37 99 100 0
62 163 86 1
114 138 99 1
6 94 82 0
20 105 100 0
94 145 103 0
36 149 101 0
41 55 74 1
60 72 23 1
58 88 80 0
145 146 11 0
44 60 19 0
73 74 52 1
98 166 67 0
98 104 76 1
125 167 91 0
106 110 47 1
51 132 17 1
3 41 64 0
20 96 27 1
94 99 78 0
1 116 40 0
28 119 37 1
73 84 82 1
79 137 95 1
4 56 86 1
78 134 103 0
21 60 83 0
85 94 26 1
74 161 96 0
14 131 25 0
25 89 71 1
58 162 98 1
97 159 31 1
59 164 45 1
18 139 16 0
54 133 99 0
62 101 25 0
20 55 81 1
46 59 89 0
61 138 79 1
82 91 49 0
84 88 84 0
54 139 10 1
12 28 32 1
86 149 81 0
74 126 45 1
123 166 30 1
53 120 21 0
11 48 35 1
72 84 53 0
2 119 17 0
13 83 18 1
72 129 86 1
90 100 72 1
100 163 44 1
123 163 16 1
72 118 92 1
37 121 31 1
73 148 31 0
76 119 43 1
14 49 99 0
38 108 25 0
42 90 33 1
11 128 8 0
78 124 7 1
59 162 30 1
112 151 15 1
12 130 12 1
101 123 46 1
7 72 61 0
42 66 86 0
77 79 46 0
24 79 92 1
20 85 22 1
50 154 102 1
86 106 57 0
49 83 8 0
11 85 100 0
57 130 60 1
103 160 22 1
37 86 101 0
22 118 68 1
8 158 8 0
148 152 42 0
69 86 24 1
19 97 14 1
43 82 63 0
34 37 25 0
19 89 79 0
33 103 80 0
101 124 3 0
100 145 103 0
69 126 90 1
6 151 22 1
43 117 72 1
66 89 18 0
58 92 6 1
100 101 48 1
79 86 61 0
104 107 24 1
14 134 95 1
43 165 40 0
75 100 70 1
20 130 20 0
34 62 91 0
77 120 89 0
124 146 42 0
37 71 97 0
5 37 102 1
136 149 98 1
131 166 51 0
106 111 13 0
103 141 6 0
141 143 31 1
61 72 76 1
31 156 99 0
54 79 64 0
53 96 45 1
86 149 53 1
150 165 73 0
42 146 24 0
8 49 51 0
45 108 27 1
38 66 88 1
39 55 84 1
24 165 33 0
95 113 103 0
72 146 53 0
72 106 32 1
24 68 95 1
51 126 48 1
37 128 35 1
4 84 80 1
4 66 72 0
17 99 55 1
25 31 102 0
3 132 8 1
75 90 79 0
58 145 67 0
27 43 72 0
80 128 100 1
40 130 13 0
110 146 83 0

109 152 18 6
4 27 18 0
10 109 28 1
42 60 18 0
69 80 15 0
25 30 91 0
20 97 13 1
15 49 81 0
18 70 79 0
60 109 91 1
22 108 50 1
18 43 94 0
104 109 33 0
26 108 80 1
51 97 55 0
75 80 19 0
24 85 35 1
25 87 75 0
80 82 54 1
63 64 64 0
25 59 40 0
5 16 50 1
33 93 47 1
67 102 20 1
11 64 95 1
8 89 62 0
23 102 27 0
36 73 91 1
41 66 76 0
85 87 83 0
19 31 84 0
4 42 81 1
58 66 39 1
2 17 76 0
52 97 17 1
50 104 91 1
21 73 66 1
35 42 75 1
37 92 80 1
52 96 43 1
7 10 76 0
45 87 73 1
17 37 37 0
6 58 16 0
11 21 19 0
22 30 92 1
72 86 17 1
29 47 72 0
41 96 39 0
79 105 35 1
58 78 69 1
6 39 15 0
7 43 101 0
25 75 40 1
55 81 83 0
5 45 65 0
61 76 89 1
63 69 106 0
43 57 31 1
64 86 66 1
16 55 95 1
36 76 6 0
35 90 42 1
23 65 86 0
34 72 104 1
61 67 26 0
14 73 68 1
47 48 10 0
42 89 9 0
95 99 54 0
3 30 24 1
75 95 84 0
27 57 94 0
32 105 104 0
41 106 52 1
43 94 79 1
21 85 50 0
27 30 98 1
43 106 43 1
2 54 31 0
56 74 97 1
16 91 63 0
35 63 26 0
82 109 54 1
3 84 94 1
10 67 12 0
15 107 30 0
61 70 38 0
75 83 85 1
19 53 63 0
5 40 15 0
42 60 28 0
41 50 68 1
41 56 15 1
87 94 47 1
51 85 105 0
62 72 73 0
84 87 90 1
72 104 26 0
12 65 28 1
5 96 77 1
21 40 63 1
53 89 72 0
7 22 71 0
11 44 65 1
54 81 63 1
56 81 33 0
18 77 25 1
18 57 79 0
37 102 67 1
77 84 46 0
37 43 31 0
29 40 95 0
91 107 48 0
29 73 43 1
9 91 56 1
3 17 26 1
51 52 16 0
70 105 55 0
49 67 57 0
85 100 35 1
71 84 91 0
7 12 40 0
37 40 103 0
35 84 75 0
34 71 75 1
36 41 16 0
10 99 67 1
7 73 36 0
5 93 46 1
6 109 31 0
10 109 27 0
73 84 82 0
27 50 86 1
13 46 12 1
4 78 31 1
3 40 32 1
77 86 57 0
49 89 68 0
24 45 71 1
53 85 24 0
5 30 40 1
75 89 42 0
44 77 9 0
30 108 106 0
61 87 87 0
8 55 24 0
3 81 55 1
78 97 48 0
23 40 90 0
2 66 39 1
31 38 46 1
27 44 12 0

154 168 17 1
70 121 34 0
99 114 96 1
71 83 33 1
72 81 86 1
64 86 62 1
82 153 54 0
17 80 36 0
24 149 53 1
87 148 35 0
79 147 60 0
40 146 45 1
5 122 71 1
69 104 39 1
7 50 10 0
42 85 75 0
25 91 26 1
56 138 74 1
2 123 55 0
27 50 50 0
96 115 13 0
69 147 67 1
31 39 59 0
63 129 72 1
58 104 73 1
97 119 70 0
70 147 90 0
43 52 83 0
74 130 83 1
76 141 33 0
23 139 7 0
3 80 50 1
43 95 22 0
35 87 49 0
18 134 64 0
132 153 99 0
85 100 56 1
10 97 81 0
122 133 11 1
37 57 69 0
5 61 56 1
21 34 29 0
3 45 16 1
66 122 55 1
136 152 100 0
29 111 33 0
76 105 63 0
48 74 59 0
42 73 42 1
71 73 38 0
4 154 49 0
27 134 77 0
23 69 81 0
43 66 38 1
42 117 98 0
19 140 61 1
16 102 62 1
74 106 99 1
21 61 97 0
66 135 41 1
90 121 20 0
131 154 3 1
9 37 89 1
39 115 76 0
111 145 100 0
90 120 43 1
44 112 44 1
35 103 63 0
47 151 4 0
117 129 37 0
14 151 24 1
18 137 10 0
98 118 52 0
47 129 69 0
75 146 45 1
5 46 36 0
33 49 65 0
86 102 90 0
95 147 83 1
48 71 35 0
26 85 101 1
135 140 9 0
49 68 61 1
3 14 95 0
65 66 12 1
2 124 16 1
13 142 47 0
35 108 41 0
37 84 101 0
48 71 60 0
31 60 72 1
21 105 68 1
40 109 5 1
46 58 37 1
1 11 66 0
58 93 101 1
43 90 81 0
29 47 23 0
15 104 38 1
10 134 33 0
59 93 43 0
59 99 33 1
27 62 101 0
25 153 51 1
107 124 9 0
5 127 53 0
105 112 38 1
98 114 63 1
3 43 29 0
7 151 87 0
35 126 86 0
98 150 8 0
87 143 25 0
43 132 44 0
119 134 97 1
5 140 73 1
57 67 85 0
106 145 14 0
65 84 59 0
113 137 68 1
26 89 47 1
103 110 73 1
19 22 45 0
27 133 54 1
93 152 36 0
40 74 89 1
18 47 65 1
14 50 20 0
39 74 82 0
88 108 3 0
3 77 7 1
40 113 35 1
65 113 3 1
18 88 19 1
72 108 93 0
101 150 43 0
59 66 101 1
55 98 100 1
87 126 36 1
34 123 16 0
12 66 90 1
11 68 95 1
39 152 69 1
8 26 81 0
10 77 22 1
39 82 79 0
113 132 57 0
31 75 71 0
83 128 71 0
68 118 76 1
100 144 100 0
45 96 21 1
133 144 50 1
4 138 10 0
72 128 95 0
57 145 30 0
16 85 25 1
33 123 57 1
16 41 23 0
53 123 54 1
3 91 44 1
78 129 16 0
59 99 100 1
30 135 16 1
8 53 8 0
67 95 66 1
89 152 84 0
47 131 53 0
36 125 95 1

110 192 23 18
49 107 45 1
22 28 38 1
17 81 40 0
83 92 56 0
67 107 27 0
20 63 97 1
86 92 37 1
18 77 100 0
68 110 110 1
6 103 37 1
47 90 88 1
42 105 48 0
29 74 87 0
10 68 27 1
78 102 85 1
71 94 98 0
6 48 78 0
64 93 72 0
51 81 90 0
42 105 33 0
67 94 97 1
73 102 103 1
42 60 110 1
15 72 61 0
36 83 83 1
21 46 52 1
21 72 28 0
49 86 71 1
88 109 117 0
17 18 21 1
20 46 105 0
5 102 115 0
66 85 98 0
5 20 34 0
22 59 87 0
9 95 30 0
40 107 52 1
18 41 63 0
69 83 52 0
43 108 74 0
2 100 95 0
15 98 69 0
83 107 26 1
35 70 100 0
21 30 112 1
38 70 77 0
65 82 103 0
52 56 19 1
48 109 47 0
43 96 98 0
33 51 69 1
1 29 20 0
51 104 92 1
50 57 75 1
7 11 41 0
56 73 41 0
7 35 107 1
50 105 19 1
34 66 33 0
2 101 106 0
32 49 71 1
8 29 49 1
6 48 108 1
102 108 94 0
9 64 78 0
13 88 84 0
27 33 81 1
61 77 21 1
64 68 115 1
70 76 20 0
82 102 72 0
52 56 34 1
34 74 27 0
56 109 31 0
15 101 96 0
1 103 28 0
30 58 68 1
2 50 70 1
88 107 61 0
28 57 48 0
21 92 93 0
60 72 48 0
30 86 116 1
29 106 18 1
73 110 95 1
70 98 59 1
19 84 74 1
48 67 33 0
39 86 48 1
24 63 82 1
20 38 62 1
39 81 50 0
37 101 27 1
44 78 79 1
48 64 51 0
50 95 109 0
31 98 63 0
72 110 27 1
4 22 32 1
10 80 30 0
58 104 106 1
43 106 36 1
63 78 24 0
26 86 34 1
6 70 65 0
46 88 83 0
3 92 89 1
2 37 97 0
53 55 40 1
52 55 26 1
44 68 115 1
14 38 92 1
29 57 79 1
85 89 24 0
39 53 76 1
3 90 29 1
2 88 34 1
27 100 45 0
4 28 68 1
83 97 110 1
64 92 118 0
5 71 66 0
14 56 59 1
65 90 34 0
33 41 52 0
28 60 64 1
15 22 18 1
50 107 50 1
3 6 41 0
8 68 40 1
43 78 18 0
18 46 20 1
35 44 101 0
47 83 63 1
86 90 102 0
31 35 38 1
21 71 77 0
71 98 60 0
50 88 79 1
57 106 25 1
28 42 85 0
32 81 38 0
29 37 75 0
23 40 38 1
31 76 89 1
18 46 75 1
61 107 81 0
22 107 20 0
56 60 38 1
33 79 97 1
90 110 72 1
67 106 118 0
49 93 88 0
55 81 96 1
53 101 67 1
13 55 104 1
34 61 70 1
2 82 104 1
22 62 92 0
72 101 54 1
8 57 78 0
8 55 24 0
13 35 58 0
12 37 86 0
85 108 19 0
40 77 86 0
14 57 31 1
10 20 85 0
11 23 59 0
17 49 32 1
49 82 89 0
2 39 113 0
30 104 40 1
58 59 35 0
73 109 102 0
17 84 81 0
57 63 96 1
73 90 42 0
33 69 50 1
24 50 88 1
18 98 30 1
54 89 95 1
76 105 115 0
48 86 65 1
73 99 21 1
47 76 65 1
19 87 35 0
61 90 86 0
27 72 114 0
89 90 77 0
50 107 36 1
58 99 82 1

127 186 21 2
70 80 21 0
33 117 20 0
3 10 41 0
115 116 70 0
55 127 27 0
31 94 87 1
6 124 91 0
54 122 29 0
58 72 94 1
6 65 22 1
64 83 48 0
65 101 80 1
95 105 94 0
36 122 36 0
24 67 2 1
75 119 90 1
38 75 50 0
20 70 61 0
57 86 88 0
52 59 6 0
14 52 62 0
22 110 53 1
15 105 70 0
18 95 94 1
14 71 52 0
63 83 96 0
5 85 9 0
13 80 50 0
11 14 68 1
5 28 33 1
5 102 49 1
49 71 98 0
80 107 3 0
8 43 75 0
79 86 70 0
30 79 15 1
35 44 89 1
35 121 7 0
20 83 2 1
14 71 64 1
62 102 59 0
59 79 23 1
94 106 97 1
17 21 24 0
1 22 7 1
53 60 79 1
36 85 36 0
3 65 28 0
3 113 41 0
20 48 33 0
41 70 51 1
83 120 48 0
68 95 50 0
98 119 54 0
1 112 79 1
89 114 12 1
65 70 21 1
57 104 53 1
71 113 88 0
20 88 46 0
59 66 87 0
48 63 43 0
54 60 26 0
19 104 8 1
91 95 84 1
13 93 25 1
10 120 27 0
47 59 36 1
2 104 33 0
75 78 50 1
43 77 94 1
39 98 6 1
11 68 55 0
15 57 73 0
34 93 19 1
80 101 4 1
2 21 20 0
9 107 34 1
5 17 44 0
92 119 64 0
38 116 95 1
67 83 78 1
12 85 26 0
72 115 63 1
8 97 77 0
16 107 52 1
55 101 94 1
44 60 45 1
84 121 25 1
54 77 84 0
36 77 88 0
67 69 56 1
3 94 95 0
76 125 102 1
105 111 32 0
38 54 51 1
49 83 87 0
66 108 79 0
53 94 5 1
51 91 74 0
35 42 83 0
31 127 42 1
71 84 35 0
75 114 19 1
42 118 12 1
19 55 65 0
76 77 49 0
2 73 4 1
39 92 72 0
90 96 61 1
9 82 60 1
18 47 18 1
57 111 19 1
6 69 25 1
17 82 32 1
22 103 23 1
101 105 100 0
39 90 92 1
42 77 45 0
58 71 54 1
39 111 28 1
26 83 6 1
8 98 18 0
25 71 24 0
18 63 7 0
108 121 73 0
4 18 58 1
9 80 74 0
49 53 69 1
9 24 56 1
7 97 76 0
60 61 13 1
53 64 43 1
39 119 14 1
24 67 42 0
3 23 84 0
52 100 26 1
55 113 38 0
53 120 68 1
34 117 101 0
4 38 82 0
70 85 23 1
52 109 94 0
27 59 97 0
29 46 78 0
60 123 60 1
7 111 66 1
59 83 97 0
74 85 7 1
32 88 11 1
39 116 99 1
84 94 16 1
48 93 89 1
41 106 88 1
19 29 58 0
70 110 46 1
116 126 19 0
2 19 32 0
50 103 46 0
24 123 35 0
9 55 72 0
49 120 16 1
77 91 86 0
49 71 27 1
79 85 82 0
57 87 53 0
4 84 93 1
24 45 41 0
33 97 91 1
67 69 15 0
7 73 61 1
1 63 13 1
5 88 49 1
7 12 23 0
91 123 71 1
64 83 58 0
84 88 33 1
36 118 58 0
48 94 92 0
32 55 6 0
60 90 83 0
81 102 78 1
79 85 6 1
21 70 26 1
9 13 74 1
33 102 30 1

109 174 20 3
31 71 78 0
64 104 75 0
41 78 69 1
50 70 27 1
14 95 35 0
26 49 7 0
27 61 29 1
2 8 101 1
72 87 55 0
40 93 46 0
9 52 27 1
90 94 99 1
47 65 100 0
75 99 83 1
2 17 100 0
15 46 38 0
8 95 28 1
3 6 87 1
38 109 102 1
79 84 26 1
42 99 72 0
40 68 15 0
73 81 39 1
35 66 74 0
39 61 57 1
47 92 63 0
4 70 97 0
61 63 48 1
21 70 54 0
93 101 54 1
46 51 57 0
22 82 29 1
42 73 28 1
74 92 65 1
19 55 93 1
51 55 55 1
4 20 97 0
60 95 96 0
3 96 66 0
11 80 103 0
37 83 71 0
10 61 59 0
28 76 14 1
30 38 77 0
30 108 68 0
57 83 49 0
79 105 64 1
72 107 89 1
67 90 72 0
25 41 13 1
36 69 38 1
48 96 39 0
35 88 76 0
12 54 85 1
72 99 60 0
6 72 43 0
66 95 72 1
21 85 20 1
33 71 4 1
23 25 68 1
51 95 54 1
23 86 37 1
2 98 9 0
29 79 5 1
12 99 37 0
11 70 64 0
24 103 36 0
87 98 9 1
23 93 46 0
72 105 102 1
32 36 32 0
37 102 70 0
24 81 14 1
53 85 57 0
45 67 16 0
76 106 82 1
50 51 12 0
72 108 32 0
9 57 23 1
56 69 52 1
8 103 9 1
81 89 26 1
32 49 27 0
11 93 91 1
9 95 47 0
4 97 4 1
43 108 94 0
32 86 92 0
72 103 86 0
30 62 30 0
9 83 50 0
94 95 95 1
20 107 31 1
7 105 14 0
58 62 64 1
51 64 57 0
40 61 76 0
94 101 41 1
14 96 39 0
13 60 41 0
12 27 4 1
40 81 76 0
20 88 8 1
34 101 99 1
24 67 57 1
29 89 48 1
6 70 74 0
36 94 94 1
9 58 68 1
43 76 79 1
20 60 79 1
8 57 21 1
35 43 9 1
10 14 100 0
71 97 32 0
83 109 37 0
17 76 99 1
33 56 13 0
39 108 65 1
15 68 80 1
32 109 7 1
37 89 9 0
11 104 39 1
14 70 48 1
21 66 35 1
23 61 38 1
42 48 70 0
57 88 21 0
36 50 6 0
66 104 30 0
9 30 5 0
34 82 71 1
18 41 56 1
10 16 98 1
63 85 100 0
8 57 81 1
13 99 15 1
9 50 43 1
64 74 5 1
44 63 33 0
21 43 103 0
84 97 12 0
50 101 62 1
39 75 6 0
12 83 86 1
56 57 53 1
5 26 70 1
2 26 49 1
16 105 16 1
19 22 89 1
78 86 103 1
33 54 87 0
16 34 9 0
17 25 53 0
17 92 70 0
60 100 82 0
40 49 93 0
27 81 29 1
6 27 61 1
39 51 90 0
2 3 90 1
27 65 56 1
43 90 32 1
79 87 42 1
32 98 53 0
37 102 82 0
14 71 92 1
89 101 47 1
27 36 85 1
21 94 87 1
55 80 76 1
71 108 3 1
4 12 88 0
70 86 3 1

164 187 24 12
48 99 69 0
77 79 97 1
6 164 92 1
115 119 58 1
1 19 87 1
15 153 52 1
43 88 80 0
53 68 39 1
102 164 109 1
34 113 73 1
70 72 33 1
80 106 56 0
64 130 27 0
118 146 101 0
42 111 57 0
107 154 66 0
116 120 62 0
2 155 37 0
116 127 24 1
47 90 22 1
104 148 20 1
54 80 24 0
68 157 57 1
40 143 35 1
28 72 25 0
45 160 13 0
45 91 49 1
127 146 62 0
5 55 111 0
73 94 26 0
86 87 34 0
68 78 19 1
138 162 110 0
52 96 19 0
90 150 66 0
56 68 68 0
23 70 49 1
25 57 58 0
46 109 19 0
8 88 38 1
7 101 103 0
139 145 39 1
1 114 47 1
84 109 61 0
13 38 32 1
87 161 74 1
57 87 90 1
29 49 90 0
64 68 73 1
129 148 83 0
55 145 86 1
26 136 13 1
16 88 44 0
42 67 45 1
31 43 68 1
53 56 50 0
53 65 109 0
17 159 14 0
82 107 74 1
10 45 92 1
132 156 98 0
14 128 79 0
120 128 70 0
113 139 41 1
98 135 91 0
16 90 84 0
67 101 22 0
3 59 105 1
46 95 51 1
31 46 22 1
33 140 101 1
95 130 82 0
104 131 56 1
19 45 109 1
40 110 75 0
138 158 21 0
48 96 88 1
115 140 83 0
35 116 54 0
143 144 68 1
16 163 27 1
51 109 64 0
79 136 110 1
94 152 16 0
125 131 102 0
67 118 47 1
47 162 84 0
25 151 111 0
91 122 46 1
19 133 97 1
122 127 82 0
11 63 100 0
20 55 96 0
75 136 94 0
43 60 108 0
40 85 46 1
130 161 13 1
62 146 84 0
18 97 112 1
95 113 33 0
87 122 33 0
45 66 13 0
16 38 25 1
71 95 13 0
10 13 96 1
139 144 83 1
77 152 56 0
66 90 80 1
71 129 12 0
40 97 53 0
129 149 110 0
65 80 109 1
3 26 91 0
65 162 95 0
24 127 20 1
38 92 26 1
25 65 30 0
2 11 46 1
19 119 34 1
38 58 32 0
76 110 44 1
141 145 66 0
22 67 102 0
108 109 110 0
1 161 38 1
27 126 89 0
58 89 70 0
83 129 67 0
89 155 39 1
4 146 16 0
24 109 50 0
18 129 53 1
23 158 69 0
41 138 73 1
44 126 78 1
95 119 74 1
126 156 93 1
24 37 27 1
5 118 87 0
6 72 51 1
28 96 36 0
35 46 54 1
66 124 96 0
45 66 33 1
7 98 94 1
69 115 110 1
61 120 87 0
132 135 70 1
56 63 41 0
60 108 106 1
88 117 73 0
87 157 44 1
53 78 64 1
17 106 84 0
66 72 62 1
42 50 81 0
89 132 28 0
15 88 49 0
6 109 88 1
32 68 72 0
138 147 88 0
111 117 96 1
87 123 31 1
7 109 101 0
115 148 24 0
69 160 101 0
111 126 75 0
98 115 46 0
95 124 89 0
5 37 106 0
3 48 106 0
23 82 89 1
1 36 28 1
17 23 29 0
16 76 39 0
101 144 29 1
35 76 23 1
23 103 110 1
123 140 96 0
56 67 89 0
41 116 107 0
101 163 45 1
31 66 92 0
50 164 109 0
11 146 26 0
13 109 25 1
72 108 55 1

142 197 22 5
45 129 80 0
20 131 12 1
46 95 49 1
66 76 92 1
104 136 49 1
78 93 58 1
64 87 18 1
21 123 5 1
37 121 44 1
117 139 91 1
8 79 85 1
20 78 88 0
1 67 16 0
41 47 69 0
12 90 73 1
86 113 10 1
90 131 79 1
42 88 43 0
23 125 23 1
17 137 74 1
11 127 96 0
8 121 51 0
22 115 101 1
36 81 8 0
113 117 33 1
75 78 76 0
40 48 40 1
51 136 92 1
86 115 50 1
62 88 13 0
15 69 27 1
70 98 18 1
125 131 66 1
10 124 12 1
48 99 61 1
81 128 59 0
14 35 98 0
24 49 14 0
55 76 96 0
53 125 45 1
136 139 76 1
76 142 26 0
40 135 50 1
27 95 54 0
13 67 39 1
11 140 80 0
6 64 41 0
129 139 25 1
2 74 73 1
13 105 13 0
70 97 65 1
6 43 61 0
68 72 89 0
55 135 44 1
109 111 72 0
36 49 105 0
24 78 21 0
104 142 44 0
64 98 96 0
23 126 19 1
3 45 42 0
14 62 29 1
50 124 31 0
16 82 10 1
21 126 96 1
91 94 89 0
9 125 70 0
48 91 17 0
71 99 13 1
36 37 65 1
64 96 52 1
96 130 62 1
51 135 81 0
21 112 83 1
56 79 94 1
103 134 45 1
56 118 62 1
59 74 7 1
12 67 70 1
7 51 83 0
32 108 10 0
71 140 36 0
18 106 93 0
42 84 67 0
100 118 102 0
69 123 66 1
40 74 32 0
51 63 29 0
6 50 19 1
5 37 98 0
98 130 14 1
3 17 19 1
41 56 41 1
37 109 96 0
26 46 90 0
76 87 71 0
24 52 100 1
91 134 45 0
37 122 60 0
11 40 93 0
22 87 90 0
46 71 69 1
12 132 47 0
39 55 80 0
64 76 37 1
122 139 99 0
95 142 25 1
69 76 100 0
25 39 34 0
3 54 42 0
56 91 48 0
77 113 60 0
7 21 97 1
6 60 23 0
16 45 50 0
17 113 9 1
19 100 38 0
13 35 105 0
9 102 67 1
8 87 34 0
10 22 89 0
49 93 39 0
67 121 86 1
19 105 73 1
56 94 67 0
87 94 96 1
62 101 24 1
51 139 70 1
19 48 59 1
101 141 12 1
2 115 99 0
59 107 39 0
116 136 82 0
35 115 65 0
96 106 40 1
92 119 77 0
23 132 81 1
101 110 105 0
99 103 18 0
117 133 63 1
41 105 16 0
1 61 70 1
44 86 92 0
40 73 68 1
83 114 8 1
61 130 54 1
49 98 62 1
9 57 101 0
59 124 35 0
11 88 98 1
10 94 21 1
38 131 98 1
4 82 68 0
30 118 90 1
7 125 13 0
4 136 59 0
42 60 30 1
11 94 72 0
53 110 34 0
34 134 9 0
39 98 50 0
55 77 33 1
5 129 102 1
18 85 86 0
124 127 80 1
99 135 76 1
37 105 64 0
7 130 85 0
14 120 66 0
103 105 65 0
54 97 28 0
97 113 65 1
25 141 48 0
43 109 8 1
20 38 31 1
33 120 35 0
5 136 60 0
22 131 10 0
24 93 87 0
47 110 74 0
74 82 84 0
84 101 85 1
23 62 82 0
63 118 17 1
17 122 6 0
56 101 13 1
56 61 52 0
16 134 39 1
4 116 29 1
115 130 57 1
20 44 81 0
17 118 68 1
36 39 100 1
75 108 69 0
75 115 76 1
42 76 94 0
19 95 88 0

195 156 19 8
50 124 89 0
154 162 60 0
60 67 63 0
48 112 99 0
86 103 65 1
15 63 29 1
82 149 98 0
44 144 92 0
32 160 64 0
23 162 17 0
29 124 46 1
130 170 11 1
9 107 93 1
11 37 69 0
23 140 78 0
6 137 12 0
59 91 17 1
29 86 78 1
2 190 23 1
86 109 68 1
105 160 78 0
110 120 82 0
111 174 80 1
53 128 73 1
16 161 53 1
132 189 13 0
78 80 24 1
42 113 78 0
40 148 32 0
168 176 11 1
20 132 94 1
119 153 66 0
8 130 25 1
107 131 23 1
73 94 36 0
57 164 33 1
34 183 22 1
21 159 62 1
106 135 37 0
24 68 70 0
96 137 62 0
33 37 62 0
36 147 23 0
13 86 91 0
6 39 79 0
81 164 84 1
19 41 89 0
26 187 58 0
151 170 24 1
95 155 72 0
15 183 56 0
161 188 70 1
136 181 76 1
65 119 31 0
25 47 29 0
42 91 92 0
19 187 19 0
41 163 11 1
42 174 82 1
12 128 69 0
12 166 40 0
14 83 42 0
7 159 57 1
79 180 34 0
5 76 39 1
59 84 14 1
82 100 11 1
18 180 39 1
77 188 45 0
54 130 92 0
89 171 25 1
42 82 77 1
46 94 60 1
87 113 28 0
25 97 89 0
67 193 42 1
161 183 48 0
39 155 58 0
36 75 57 1
61 123 57 1
95 97 96 1
93 144 104 0
50 168 28 1
76 172 40 0
56 191 85 1
116 124 25 1
28 156 56 0
6 81 27 0
101 152 41 0
46 183 38 1
57 77 28 1
41 43 51 1
53 102 105 1
75 145 66 1
64 193 85 0
47 49 36 1
136 185 93 0
9 157 107 1
7 184 67 1
31 64 85 0
84 97 80 0
111 133 61 0
17 163 25 0
20 72 26 1
94 190 62 1
13 63 72 1
36 37 71 1
17 124 40 1
17 128 96 1
20 101 11 1
17 156 45 0
16 73 50 1
114 143 95 0
134 154 107 0
125 162 10 0
76 88 49 0
63 143 93 1
11 80 71 1
174 195 83 0
56 142 108 1
84 148 54 1
34 146 67 0
13 88 20 1
32 114 48 0
147 182 9 1
42 160 19 1
130 140 91 1
72 108 43 0
3 25 49 0
57 169 28 0
94 95 19 1
128 179 97 1
40 116 43 0
1 27 58 0
62 139 38 1
96 160 43 0
81 88 17 0
91 161 67 0
62 168 38 1
7 66 31 0
38 49 24 1
94 115 17 1
65 110 35 0
12 177 52 0
116 147 105 1
119 156 32 0
70 78 29 0
72 187 19 0
63 153 87 1
5 37 93 0
115 125 45 0
25 139 103 0
122 175 74 1
163 185 38 0
78 84 34 0
49 121 77 0

134 164 19 1
34 47 100 0
56 77 7 1
4 83 74 1
128 131 23 1
5 100 60 1
105 111 69 1
31 116 65 0
69 83 67 0
41 91 12 1
74 113 41 0
37 128 31 0
35 53 39 0
13 87 29 0
74 128 59 0
4 133 97 0
10 43 12 1
49 109 84 0
55 82 54 0
59 130 1 1
27 134 44 1
16 128 34 1
39 95 55 1
5 83 75 0
85 132 21 0
53 105 63 1
37 65 37 1
30 64 6 0
74 123 55 1
14 43 86 1
58 72 81 0
5 96 38 0
69 120 5 0
65 118 2 1
46 55 30 1
97 110 25 0
17 30 63 0
4 81 32 0
76 118 3 1
16 77 75 1
65 132 5 0
38 69 62 0
15 36 85 1
26 38 71 0
32 33 44 1
61 118 62 1
79 125 25 1
7 53 73 0
29 110 36 1
77 88 77 0
59 68 68 1
51 53 73 1
33 77 64 1
30 119 45 1
77 107 27 0
40 48 66 0
9 40 12 0
6 76 2 0
24 66 83 1
91 92 48 0
32 126 41 1
43 120 77 1
63 114 65 0
1 31 60 1
32 63 37 1
21 119 69 0
75 100 5 0
87 101 90 1
71 114 91 1
11 51 34 1
20 47 18 1
46 79 66 0
125 130 47 1
23 40 88 0
69 104 84 1
8 67 88 1
9 33 67 0
24 29 21 1
29 46 15 1
17 24 97 1
11 30 48 0
21 93 99 0
30 109 43 0
9 83 75 1
75 81 52 1
27 39 98 0
13 113 96 0
66 90 101 1
21 73 101 0
70 113 23 1
12 113 60 1
33 94 78 1
80 126 80 0
36 80 92 0
22 55 8 1
68 108 8 1
18 84 48 1
35 113 93 1
7 133 5 1
32 102 46 1
101 105 8 0
16 70 67 1
7 59 50 0
43 102 68 0
59 120 2 0
29 84 2 1
8 100 81 1
10 21 41 0
49 132 92 1
8 116 89 0
52 101 27 1
23 45 68 0
42 70 7 0
73 80 32 0
4 45 9 1
48 79 87 1
7 72 28 1
13 83 97 1
9 59 33 0
4 24 85 0
33 109 48 0
48 91 62 1
119 130 101 1
122 134 81 1
43 67 57 0
22 57 51 0
86 98 72 1
70 82 55 0
20 32 66 1
114 125 63 0
76 85 60 1
23 41 88 1
67 91 37 1
110 129 25 0
48 49 44 1
120 123 41 0
18 103 37 1
48 88 60 0
55 102 75 0
89 108 53 0
22 25 3 1
54 66 51 0
3 40 39 1
22 117 19 0
34 63 64 1
9 112 66 0
8 69 83 0
60 70 91 0
78 109 23 1
30 99 8 1
69 70 33 0
86 118 71 0
59 61 51 1
121 132 46 1
100 115 66 0
91 120 20 0
40 62 34 1
106 117 22 1
42 117 28 1
54 99 86 0
2 89 5 1
83 129 86 0
37 100 75 1
40 72 12 1
14 30 26 1

125 152 17 7
24 51 102 1
21 99 91 1
21 96 67 0
8 105 75 0
23 121 80 0
10 98 25 0
44 83 45 0
70 108 97 1
97 99 39 1
89 106 80 0
22 27 29 0
20 60 31 0
7 90 53 1
44 85 72 1
5 21 102 0
70 82 105 1
64 86 55 1
27 44 31 0
4 47 92 1
18 23 59 0
38 117 105 0
34 94 86 1
100 120 40 1
104 108 70 0
15 43 93 0
93 117 81 0
13 41 88 1
1 73 103 1
29 39 54 0
21 105 46 0
31 94 25 0
75 94 41 0
47 105 55 0
51 100 21 1
56 79 7 0
60 90 60 0
72 105 67 0
3 25 76 0
12 101 24 0
52 60 34 0
66 119 25 0
18 62 92 0
10 44 79 0
113 117 25 1
86 92 48 1
61 77 15 1
66 115 95 1
31 57 54 0
12 42 100 1
97 105 35 0
94 117 59 0
9 113 21 1
67 113 9 0
55 74 18 1
27 78 38 0
91 103 69 1
68 70 65 1
30 57 75 1
85 125 79 0
51 54 96 0
11 65 100 1
30 116 78 1
50 112 45 1
1 124 62 1
41 116 100 0
19 97 48 0
21 78 35 0
29 108 61 0
32 46 54 0
44 58 67 0
3 108 17 1
35 75 32 0
25 64 38 0
39 91 77 0
75 124 99 0
36 94 69 0
10 83 11 0
11 115 89 1
27 48 11 1
36 63 31 1
29 89 42 1
88 116 15 1
61 87 46 0
7 14 51 1
3 93 51 1
43 68 41 1
66 99 29 1
35 114 77 0
90 105 58 0
53 96 43 1
6 54 52 0
54 101 25 0
11 30 85 1
7 98 100 0
11 44 98 1
2 48 13 1
14 119 54 1
27 33 30 0
56 61 31 1
13 79 18 1
55 87 85 1
35 116 30 1
73 116 91 0
6 118 85 0
50 92 46 1
25 52 42 1
60 62 17 1
80 94 91 0
23 69 58 0
8 21 54 1
110 114 7 0
9 71 95 1
77 86 8 0
26 90 63 0
12 20 53 1
23 124 46 1
23 90 44 0
39 104 97 1
108 123 46 1
13 38 76 0
103 121 41 1
82 85 19 1
25 125 79 0
19 64 103 0
30 110 40 0
7 122 28 1
71 115 77 1
52 76 82 0
87 100 17 0
3 35 12 0
57 98 36 0
82 109 94 0
47 68 40 0
61 85 50 1
20 59 29 0
32 71 19 1
36 62 11 0
2 84 88 1
82 121 24 1
115 123 87 1
18 45 39 1
44 86 54 0
80 100 59 0
5 29 101 1
88 117 15 0
53 84 104 1
24 82 106 1
52 63 49 0
62 101 60 1
21 32 99 0
40 112 99 1
101 117 43 1

192 155 20 10
41 116 86 1
33 95 44 1
10 115 83 0
7 185 65 1
54 82 24 0
40 156 13 1
6 113 16 1
40 111 24 1
49 58 14 1
88 112 59 1
37 141 89 0
82 85 83 0
134 170 67 1
41 152 53 1
90 137 26 1
38 107 94 1
54 144 58 0
7 149 22 0
69 130 85 1
121 159 62 1
182 183 36 1
9 60 38 0
1 12 90 0
44 101 96 1
26 92 101 0
53 71 96 0
18 24 48 0
32 184 67 1
44 80 109 0
63 134 85 1
93 123 88 1
59 108 42 0
119 182 45 0
1 190 94 1
59 180 91 0
88 117 63 1
10 108 53 1
29 141 48 0
121 171 100 1
60 188 49 1
11 160 30 0
44 178 67 0
83 159 56 1
62 174 74 1
39 52 86 1
27 144 33 1
47 138 27 1
88 189 14 0
62 129 72 0
131 138 105 1
57 64 29 1
24 143 31 0
56 60 82 1
72 136 50 0
2 87 75 0
94 145 36 0
71 73 70 0
11 28 62 1
22 28 30 1
33 110 42 0
39 177 50 1
39 169 71 1
73 182 10 0
86 190 33 0
72 172 30 0
10 96 78 0
71 121 107 1
72 92 93 0
29 99 56 0
147 169 87 1
68 69 59 0
74 103 54 0
27 89 33 0
63 131 54 1
157 164 38 1
38 82 73 0
69 172 56 0
80 188 104 1
107 117 86 0
23 54 12 1
1 130 76 0
73 80 69 0
26 28 20 1
169 192 95 0
93 117 44 0
106 125 59 1
4 15 64 1
52 149 95 0
39 167 108 1
175 188 11 0
151 178 50 1
14 162 74 1
85 104 110 0
54 155 54 1
154 163 50 0
188 192 62 0
10 27 45 0
37 71 39 0
185 188 46 1
19 87 26 1
85 179 110 1
33 189 54 0
73 87 56 0
39 183 23 1
41 126 62 1
72 122 69 1
4 185 31 1
77 108 68 1
112 171 22 1
63 180 66 1
48 180 53 0
119 153 77 1
39 162 34 1
96 164 99 1
97 181 45 1
126 132 60 1
28 60 37 0
145 161 66 0
92 162 94 0
54 167 72 1
132 181 48 1
77 134 10 1
10 157 50 1
9 133 80 0
125 183 104 1
92 176 70 0
11 96 87 1
78 162 92 1
15 24 34 1
98 127 55 0
7 54 83 0
27 99 109 1
97 127 79 0
152 179 15 0
140 142 45 0
107 131 33 1
33 37 23 1
30 174 81 0
57 144 91 1
70 192 28 0
13 110 48 0
136 166 38 1
71 191 25 1
78 153 103 1
35 192 35 0
159 188 63 1
13 95 76 0
7 26 26 0
127 171 85 0
123 189 14 1
24 28 94 1
52 74 91 1
106 120 21 0
71 164 44 1
30 82 96 1

118 155 19 18
10 112 76 1
53 78 109 1
43 82 108 1
65 99 80 1
6 21 27 0
13 76 114 1
57 72 52 1
70 85 22 1
78 84 74 0
100 102 58 1
93 100 61 0
33 40 92 1
58 102 86 0
92 114 99 1
12 48 47 0
11 12 111 0
3 63 116 0
4 86 97 1
91 106 21 1
19 79 114 1
99 118 53 0
34 46 53 0
45 56 106 0
14 45 29 1
14 22 102 1
40 116 107 1
18 61 42 0
30 86 78 0
7 82 103 1
51 61 61 1
33 69 69 1
22 109 24 0
94 103 34 1
9 20 105 1
63 75 90 1
17 41 50 0
36 98 67 1
78 114 52 1
45 77 37 0
20 55 65 0
23 96 40 0
75 112 89 1
39 109 23 0
6 18 101 0
20 67 103 1
66 105 102 1
36 102 82 1
12 75 39 0
6 51 60 1
49 84 29 0
7 33 43 1
48 78 87 1
45 94 34 0
58 107 29 1
63 67 65 0
49 87 78 0
36 70 88 1
30 33 109 0
47 118 30 0
78 114 53 0
68 88 81 1
16 89 53 1
4 65 77 0
10 33 84 0
24 27 75 0
66 98 112 0
1 8 40 0
31 68 88 1
94 111 67 1
11 26 27 1
7 108 79 1
23 37 106 1
33 106 113 0
31 48 89 0
38 65 97 1
85 102 18 0
44 117 75 0
17 72 39 1
2 39 89 0
15 65 106 0
32 115 99 1
6 17 61 1
63 82 75 0
56 113 38 1
50 112 85 0
3 8 57 0
64 95 60 1
20 34 52 0
19 46 22 0
60 74 73 1
1 115 95 0
10 65 80 1
79 83 74 1
12 60 76 1
5 84 60 1
74 86 98 1
13 99 55 1
11 39 104 0
41 87 97 1
60 76 91 1
49 86 74 0
60 63 28 1
45 112 81 0
63 76 60 0
48 86 76 0
1 37 99 0
46 57 90 0
22 41 93 0
14 78 69 0
6 57 94 1
34 97 75 1
52 113 80 1
48 99 31 1
75 106 35 1
2 70 57 1
5 55 68 0
14 41 38 0
20 34 89 1
97 113 37 0
28 117 32 0
57 88 86 0
61 97 91 0
68 80 81 1
41 73 50 1
87 102 25 0
57 98 107 0
66 97 93 1
69 115 111 0
25 94 96 0
62 78 24 1
73 93 72 0
81 99 50 0
74 115 86 0
25 93 33 1
36 90 118 0
41 59 37 1
16 46 58 1
97 107 57 1
26 84 44 1
15 23 64 0
13 88 34 1
30 113 75 0
10 111 63 0
68 93 32 0
12 57 24 1
51 71 57 0
15 41 105 1
77 102 61 0
14 110 66 1
9 68 47 0
48 111 70 1
47 51 107 1
13 99 48 1
5 16 100 0
10 54 31 0

172 192 24 16
68 138 47 1
139 155 83 1
101 113 88 1
64 104 107 1
57 94 81 1
92 144 99 1
82 113 68 0
40 62 16 1
10 68 88 0
161 171 42 1
77 98 81 0
136 147 97 1
62 137 70 1
28 139 104 1
66 111 103 0
5 73 97 1
23 68 92 0
7 169 86 0
8 32 74 1
26 111 85 1
40 160 65 0
100 164 79 0
16 114 99 0
84 151 49 0
41 115 111 0
8 167 98 0
37 88 87 1
79 127 65 0
20 117 105 0
20 169 46 1
116 166 29 1
7 154 53 1
46 143 37 1
44 132 96 1
13 59 48 0
19 50 111 1
52 92 45 0
24 36 89 0
8 116 95 0
41 43 48 1
87 103 31 0
34 71 17 1
50 58 83 1
2 124 49 0
142 155 113 0
92 170 50 0
113 164 60 0
57 63 79 0
92 171 30 0
4 144 40 0
55 91 49 1
75 124 31 0
32 55 36 0
21 46 28 0
81 83 43 0
43 44 107 0
93 154 58 1
98 142 22 0
82 112 40 1
12 44 36 1
19 22 104 1
2 121 99 0
113 123 40 0
31 68 80 0
12 60 79 1
46 88 88 0
12 128 26 0
35 123 62 1
103 108 104 1
71 86 116 1
52 148 99 1
26 56 77 0
58 132 116 0
86 168 114 0
37 66 56 0
146 148 47 0
36 146 99 0
29 86 38 1
78 102 89 1
29 99 66 0
158 165 85 1
117 147 19 1
34 112 81 0
126 154 21 1
62 87 101 1
64 140 60 0
47 146 84 1
17 58 20 0
92 110 98 1
57 111 111 1
164 171 27 1
54 123 37 0
17 161 58 0
5 74 96 1
58 109 16 1
85 94 110 1
21 26 112 0
133 163 28 0
78 80 81 0
32 38 29 1
34 129 108 0
32 142 30 0
10 103 105 1
91 150 116 1
54 105 29 1
49 136 56 0
2 61 69 1
50 86 108 0
45 90 49 0
45 109 93 0
6 138 19 0
17 33 60 1
54 132 23 1
100 155 21 0
84 153 106 1
52 61 115 1
94 96 71 0
122 143 80 1
18 113 63 0
146 147 92 1
7 133 22 1
25 35 69 0
32 40 104 0
64 160 82 0
68 72 72 0
24 46 82 0
51 93 29 0
10 66 114 0
93 153 27 1
12 40 21 1
13 166 49 1
66 69 109 1
58 92 108 1
84 172 67 0
102 149 42 0
96 99 58 0
113 129 46 0
61 122 87 1
36 106 104 1
16 53 70 1
55 164 71 0
12 108 112 1
42 169 23 0
1 16 105 0
42 52 78 1
38 125 82 1
20 135 53 0
99 134 110 0
66 129 91 0
74 167 42 1
86 133 90 0
1 156 36 1
6 157 54 0
6 112 26 0
52 114 33 1
101 124 106 0
55 69 87 1
10 108 22 1
112 153 61 1
59 114 96 1
121 141 87 0
70 76 34 0
85 164 116 0
25 156 106 0
39 102 70 1
30 170 86 1
53 124 102 1
70 88 57 0
113 147 77 1
10 112 20 1
64 113 16 1
88 163 44 1
5 15 54 1
67 172 37 1
98 152 19 0
18 116 56 1
59 146 22 1
43 116 100 1
27 100 96 1
27 58 109 0
7 21 16 1
117 141 39 0
133 170 21 1
43 72 77 1
104 130 25 1
38 84 39 1
41 73 86 0
47 88 64 0
11 53 113 0
143 170 62 0
131 146 106 0
31 150 66 0

174 188 23 2
21 117 6 1
53 118 50 1
13 20 34 0
80 99 27 1
68 166 28 1
7 150 24 1
1 162 76 0
30 141 92 1
38 130 70 1
67 81 5 1
20 93 56 1
5 119 85 1
35 162 63 1
80 105 47 1
80 86 87 0
32 121 63 1
87 117 89 0
59 142 22 0
31 89 55 0
58 138 36 0
57 66 20 1
2 6 34 0
17 135 100 1
61 108 90 0
100 123 41 1
7 161 78 1
41 151 66 0
52 135 31 1
90 104 77 0
108 114 7 0
154 171 15 1
36 144 41 1
114 128 15 0
88 145 50 0
31 160 34 1
63 98 17 1
27 77 37 0
30 35 7 0
46 52 77 0
101 149 101 1
95 144 9 0
84 119 93 1
41 145 72 0
26 77 18 1
146 158 43 0
10 92 80 0
50 51 7 0
69 111 62 0
35 54 36 1
50 53 52 1
32 34 38 0
48 119 11 1
75 126 50 0
30 92 17 1
27 169 101 1
54 127 22 0
85 172 46 0
62 95 26 1
137 147 72 1
103 106 89 1
90 152 71 0
74 169 12 0
126 149 91 1
62 125 38 0
23 125 4 0
25 54 43 0
36 78 9 1
139 163 102 1
1 16 46 0
42 53 13 0
43 147 13 0
89 90 62 1
5 55 67 0
31 153 56 0
30 110 78 1
57 70 71 1
91 137 54 0
53 130 38 0
40 101 39 1
88 102 48 0
31 73 16 1
95 132 7 1
59 98 32 1
70 85 77 0
61 114 41 1
22 54 60 0
58 141 12 1
15 111 83 0
22 55 70 0
125 137 95 1
125 152 25 1
36 145 47 1
75 155 71 1
128 151 63 0
132 172 27 0
60 80 55 0
24 153 64 1
58 117 66 0
12 101 22 0
20 78 51 1
123 139 97 1
30 51 22 1
34 119 55 1
74 80 80 0
14 165 60 1
52 87 6 1
97 143 45 1
4 94 20 1
90 106 84 0
121 160 25 1
51 60 3 0
14 142 16 0
48 84 58 0
16 86 54 0
40 172 23 0
34 133 64 0
3 34 55 0
1 70 54 0
81 122 55 1
5 174 15 0
8 124 55 0
92 105 51 1
156 166 41 0
30 93 38 1
37 63 51 1
102 112 3 1
19 160 100 0
82 96 88 0
98 147 52 1
66 95 60 0
74 102 74 1
98 166 35 0
24 149 98 0
139 167 91 1
10 43 49 0
46 76 45 1
89 117 102 0
105 154 15 0
51 167 13 0
71 150 93 0
109 152 33 1
66 117 4 0
50 88 13 0
68 146 10 0
120 168 72 0
63 131 46 1
31 99 14 1
136 139 38 0
150 156 12 0
46 172 67 1
2 149 78 0
80 165 15 0
1 98 44 0
18 124 93 1
83 151 81 1
32 86 10 1
47 98 24 1
83 153 20 0
27 84 100 1
116 133 69 0
8 160 85 0
20 96 61 0
72 145 27 0
27 152 37 0
46 143 23 1
24 30 53 1
51 57 69 1
129 140 88 0
83 172 6 1
49 74 69 1
69 141 34 1
105 121 14 1
90 134 20 1
44 58 90 0
115 168 61 0
12 83 54 0
21 109 38 1
105 108 46 0
27 107 79 0
45 76 29 0
7 80 41 1
27 83 14 0
51 106 42 0
59 76 3 1
17 153 86 1
36 85 99 0
80 166 88 0
6 100 90 1
